uuid,number of vertices,maximum cartographic error,average cartographic error,maximum polygon complexity,average polygon complexity
4D721EDD-2FAD-49F4-875C-A0945C9A0471,10,0.2365944538425132,0.12537111423226419,0.3020272145553096,0.12537111423226419
4D721EDD-2FAD-49F4-875C-A0945C9A0471,15,0.4235488096372106,0.10545995121033855,0.272831209488676,0.10545995121033855
4D721EDD-2FAD-49F4-875C-A0945C9A0471,20,0.3322081957919616,0.12022493434092599,0.26429366886384925,0.12022493434092599
4D721EDD-2FAD-49F4-875C-A0945C9A0471,25,0.3155729629305475,0.14124903092083999,0.3516338784742271,0.14124903092083999
4D721EDD-2FAD-49F4-875C-A0945C9A0471,30,0.3900114324596218,0.1245402229816453,0.35763856937544614,0.1245402229816453
3052AEDB-2B8F-4821-A91A-47513BA26DEB,10,0.188213286320872,0.13759706590704585,0.2449968049312169,0.13759706590704585
3052AEDB-2B8F-4821-A91A-47513BA26DEB,15,0.25776628080813274,0.1303210240896789,0.3648697735543286,0.1303210240896789
3052AEDB-2B8F-4821-A91A-47513BA26DEB,20,0.36056444738497534,0.11577061476548782,0.20331776466779017,0.11577061476548782
3052AEDB-2B8F-4821-A91A-47513BA26DEB,25,0.37999514565364007,0.12486301220769769,0.3258364356416208,0.12486301220769769
3052AEDB-2B8F-4821-A91A-47513BA26DEB,30,0.4465634530400762,0.1291065482863248,0.28677825039136373,0.1291065482863248
B78027F8-1112-454B-BF89-C30F71C6BC55,10,0.12994757767510598,0.12601598247491674,0.2179929414853915,0.12601598247491674
B78027F8-1112-454B-BF89-C30F71C6BC55,15,0.4424596842436634,0.12738155245024455,0.2761280525669146,0.12738155245024455
B78027F8-1112-454B-BF89-C30F71C6BC55,20,0.34939000451570923,0.1479032544997177,0.35487048376205654,0.1479032544997177
B78027F8-1112-454B-BF89-C30F71C6BC55,25,0.4484335727870823,0.12086144785465969,0.24953145037538774,0.12086144785465969
B78027F8-1112-454B-BF89-C30F71C6BC55,30,0.4449472170842685,0.12785976842506455,0.2908245932785012,0.12785976842506455
CFF4725C-241F-4F0D-8E38-3D45933FB1B6,10,0.39803978768879067,0.17253095381686623,0.31919370361087457,0.17253095381686623
CFF4725C-241F-4F0D-8E38-3D45933FB1B6,15,0.33484391339274644,0.14130935633978475,0.2345850099338062,0.14130935633978475
CFF4725C-241F-4F0D-8E38-3D45933FB1B6,20,0.26342647849277967,0.10142868015420867,0.27147450046639515,0.10142868015420867
CFF4725C-241F-4F0D-8E38-3D45933FB1B6,25,0.47071698456453104,0.13598286958005765,0.3053907203227308,0.13598286958005765
CFF4725C-241F-4F0D-8E38-3D45933FB1B6,30,0.359448590082814,0.11508887296076369,0.3473690589095687,0.11508887296076369
1F171CDF-484F-4AA0-B568-2E8B28EDFAFC,10,0.2907831516420108,0.11001575699013684,0.23136076306042605,0.11001575699013684
1F171CDF-484F-4AA0-B568-2E8B28EDFAFC,15,0.3453560124083363,0.10634606823151359,0.22450141398370294,0.10634606823151359
1F171CDF-484F-4AA0-B568-2E8B28EDFAFC,20,0.3759317065827041,0.10555927197802915,0.2991294184031655,0.10555927197802915
1F171CDF-484F-4AA0-B568-2E8B28EDFAFC,25,0.3534284992919792,0.11770185664077527,0.44462380739544716,0.11770185664077527
1F171CDF-484F-4AA0-B568-2E8B28EDFAFC,30,0.3783546717293794,0.12646186856445524,0.4116219941989066,0.12646186856445524
3A81A32A-C893-4B1E-AC74-A8FE60E3760A,10,0.2979248366929029,0.09812110019817412,0.24663765883812883,0.09812110019817412
3A81A32A-C893-4B1E-AC74-A8FE60E3760A,15,0.3346774793612058,0.11684819894136485,0.28903103087893134,0.11684819894136485
3A81A32A-C893-4B1E-AC74-A8FE60E3760A,20,0.3320980989205595,0.12208532129227373,0.2510697078088045,0.12208532129227373
3A81A32A-C893-4B1E-AC74-A8FE60E3760A,25,0.3521390759450867,0.13045306992731273,0.31581003204461994,0.13045306992731273
3A81A32A-C893-4B1E-AC74-A8FE60E3760A,30,0.4361055475968909,0.11910498961866026,0.24680557246127738,0.11910498961866026
1150B156-3AD6-406A-808B-CCBD3CC5DD1D,10,0.27667879150885205,0.13042637748592847,0.3496258608497368,0.13042637748592847
1150B156-3AD6-406A-808B-CCBD3CC5DD1D,15,0.3127251080461092,0.11746459240634628,0.3423435564670554,0.11746459240634628
1150B156-3AD6-406A-808B-CCBD3CC5DD1D,20,0.27756805705430554,0.13924662490069417,0.35038872824074263,0.13924662490069417
1150B156-3AD6-406A-808B-CCBD3CC5DD1D,25,0.5012959869259347,0.1189308359628857,0.24138485305372234,0.1189308359628857
1150B156-3AD6-406A-808B-CCBD3CC5DD1D,30,0.36734682989213724,0.11610587248654351,0.24065086768326593,0.11610587248654351
88F1EBAD-5195-4066-986D-8F5C55B30E9F,10,0.4267732430116522,0.12876169664764792,0.2534989915080002,0.12876169664764792
88F1EBAD-5195-4066-986D-8F5C55B30E9F,15,0.36649926459592513,0.15555743149451626,0.39026057401496506,0.15555743149451626
88F1EBAD-5195-4066-986D-8F5C55B30E9F,20,0.40552498932286657,0.11538751607580858,0.1928905182798692,0.11538751607580858
88F1EBAD-5195-4066-986D-8F5C55B30E9F,25,0.4647681934003891,0.13367572626508248,0.40603125168786425,0.13367572626508248
88F1EBAD-5195-4066-986D-8F5C55B30E9F,30,0.28145058036567977,0.12650795548569038,0.39337887606202654,0.12650795548569038
6D4B1D8B-7B4C-442C-B41F-2A6EAC4124E1,10,0.28428191360984034,0.12059448413766882,0.32212689045926257,0.12059448413766882
6D4B1D8B-7B4C-442C-B41F-2A6EAC4124E1,15,0.24508536828371272,0.10184005164008299,0.27667737368844714,0.10184005164008299
6D4B1D8B-7B4C-442C-B41F-2A6EAC4124E1,20,0.3119489845508841,0.10210102942641135,0.22617507599713338,0.10210102942641135
6D4B1D8B-7B4C-442C-B41F-2A6EAC4124E1,25,0.4301770285614766,0.1310283029847373,0.3256398544919893,0.1310283029847373
6D4B1D8B-7B4C-442C-B41F-2A6EAC4124E1,30,0.4013005739022504,0.12077428694444359,0.33447104458395294,0.12077428694444359
0193712D-1640-404A-A12D-D4E5B546EA54,10,0.29244866755331067,0.09683420413896535,0.18303301463177235,0.09683420413896535
0193712D-1640-404A-A12D-D4E5B546EA54,15,0.2472904166085015,0.11629158366599629,0.26566257942127863,0.11629158366599629
0193712D-1640-404A-A12D-D4E5B546EA54,20,0.3726144350922375,0.12236072172603263,0.26324188116600966,0.12236072172603263
0193712D-1640-404A-A12D-D4E5B546EA54,25,0.3774001128444869,0.13531812707374632,0.34281886560430624,0.13531812707374632
0193712D-1640-404A-A12D-D4E5B546EA54,30,0.3824231821350792,0.10930176419263128,0.24788789625732954,0.10930176419263128
AE097F3A-14FD-4735-A19B-8FD343CA3346,10,0.2496488973043154,0.12048104570132748,0.2561500969865273,0.12048104570132748
AE097F3A-14FD-4735-A19B-8FD343CA3346,15,0.2311703368766311,0.1050306608399798,0.16693835943093874,0.1050306608399798
AE097F3A-14FD-4735-A19B-8FD343CA3346,20,0.40372808878564265,0.12931905650471848,0.2924589077730087,0.12931905650471848
AE097F3A-14FD-4735-A19B-8FD343CA3346,25,0.32486355734815764,0.10790679456509761,0.3300373606960244,0.10790679456509761
AE097F3A-14FD-4735-A19B-8FD343CA3346,30,0.4501834460106376,0.10321945931542521,0.33499608377618656,0.10321945931542521
BA5C1BDF-5737-4AB3-985F-84FF834B8FCB,10,0.24469909303981746,0.10153457460312892,0.1643911225067271,0.10153457460312892
BA5C1BDF-5737-4AB3-985F-84FF834B8FCB,15,0.4986311885980065,0.1439433830783742,0.3593367886527488,0.1439433830783742
BA5C1BDF-5737-4AB3-985F-84FF834B8FCB,20,0.2259033295635817,0.10788541615037507,0.2807262026451103,0.10788541615037507
BA5C1BDF-5737-4AB3-985F-84FF834B8FCB,25,0.3848445637633366,0.12271467723123498,0.2890471978463292,0.12271467723123498
BA5C1BDF-5737-4AB3-985F-84FF834B8FCB,30,0.34949138188351697,0.12701050894614924,0.3292305046846604,0.12701050894614924
2886E716-6F57-4E8A-B53F-7103ACB7161D,10,0.3127700542383676,0.15212874858128642,0.3755179047052466,0.15212874858128642
2886E716-6F57-4E8A-B53F-7103ACB7161D,15,0.322014443156074,0.13549156590756925,0.2485017438359716,0.13549156590756925
2886E716-6F57-4E8A-B53F-7103ACB7161D,20,0.3194748493639938,0.09658589722003598,0.2587259407952681,0.09658589722003598
2886E716-6F57-4E8A-B53F-7103ACB7161D,25,0.3224422672945762,0.13644121191577738,0.3119699968122205,0.13644121191577738
2886E716-6F57-4E8A-B53F-7103ACB7161D,30,0.40551012458918334,0.12319986890595297,0.2847152131558883,0.12319986890595297
DD20AE4C-5A31-4570-8795-DE91A8DE0921,10,0.34047203519647173,0.13660108310245428,0.3068694474470019,0.13660108310245428
DD20AE4C-5A31-4570-8795-DE91A8DE0921,15,0.36041218291549926,0.1322169899433547,0.3081670967495001,0.1322169899433547
DD20AE4C-5A31-4570-8795-DE91A8DE0921,20,0.25198670272745766,0.12298499462305079,0.32793474732227745,0.12298499462305079
DD20AE4C-5A31-4570-8795-DE91A8DE0921,25,0.3748791961667707,0.1317505117501087,0.3824325300115765,0.1317505117501087
DD20AE4C-5A31-4570-8795-DE91A8DE0921,30,0.34240005148426467,0.10910054683945908,0.3313831108208075,0.10910054683945908
33E80DFD-9C63-476A-8236-0B098791DD4B,10,0.20596513610379674,0.09647907664747034,0.1662597796781227,0.09647907664747034
33E80DFD-9C63-476A-8236-0B098791DD4B,15,0.27610781951838237,0.1319258070358801,0.32154890053119645,0.1319258070358801
33E80DFD-9C63-476A-8236-0B098791DD4B,20,0.2969116972007598,0.12149893388677574,0.3653190082894547,0.12149893388677574
33E80DFD-9C63-476A-8236-0B098791DD4B,25,0.5082894181810319,0.11643261929199357,0.28226532561311346,0.11643261929199357
33E80DFD-9C63-476A-8236-0B098791DD4B,30,0.3645633370862204,0.12371449552358492,0.3370337381811821,0.12371449552358492
2C38D3D3-1411-4EAB-B1A1-6FE6CA06E6DD,10,0.3390289930202854,0.140990393489389,0.3673104158972843,0.140990393489389
2C38D3D3-1411-4EAB-B1A1-6FE6CA06E6DD,15,0.4116947881583691,0.10342707287605012,0.2290652123830305,0.10342707287605012
2C38D3D3-1411-4EAB-B1A1-6FE6CA06E6DD,20,0.34302860440806376,0.14658816079310386,0.3428611554468328,0.14658816079310386
2C38D3D3-1411-4EAB-B1A1-6FE6CA06E6DD,25,0.37523782975098996,0.11713839608578404,0.3246287111132612,0.11713839608578404
2C38D3D3-1411-4EAB-B1A1-6FE6CA06E6DD,30,0.3611595450859772,0.1112228239385859,0.2539368562090696,0.1112228239385859
929FBCAD-3B11-464C-82C3-1FEB4D11ABF9,10,0.45073197630180256,0.13089335466962268,0.3270337885053872,0.13089335466962268
929FBCAD-3B11-464C-82C3-1FEB4D11ABF9,15,0.3341698059344778,0.12771188447339196,0.28998366466110526,0.12771188447339196
929FBCAD-3B11-464C-82C3-1FEB4D11ABF9,20,0.3437244473332886,0.13748334751311847,0.2728151497565835,0.13748334751311847
929FBCAD-3B11-464C-82C3-1FEB4D11ABF9,25,0.3735374717545393,0.13654666943104482,0.3495353468435173,0.13654666943104482
929FBCAD-3B11-464C-82C3-1FEB4D11ABF9,30,0.4045306350302575,0.11934094184231724,0.26723795261752964,0.11934094184231724
0FB8D70F-0583-4C8A-9708-886CBD0A2C86,10,0.25071238624993053,0.11014688475378694,0.1816300653367908,0.11014688475378694
0FB8D70F-0583-4C8A-9708-886CBD0A2C86,15,0.2801463582826753,0.12732811372947864,0.36972805273785597,0.12732811372947864
0FB8D70F-0583-4C8A-9708-886CBD0A2C86,20,0.41359282141595566,0.12472107941508195,0.24480156683746607,0.12472107941508195
0FB8D70F-0583-4C8A-9708-886CBD0A2C86,25,0.3858433472176726,0.11565342198021794,0.2830588559024332,0.11565342198021794
0FB8D70F-0583-4C8A-9708-886CBD0A2C86,30,0.33197447061539803,0.1306425317124995,0.35568536637260695,0.1306425317124995
688A5027-C60F-47BA-8ED0-3D5E12DBE1CF,10,0.3559290595039188,0.104851992146508,0.21924765165406987,0.104851992146508
688A5027-C60F-47BA-8ED0-3D5E12DBE1CF,15,0.37441709237405596,0.1237064564103392,0.34795401482581517,0.1237064564103392
688A5027-C60F-47BA-8ED0-3D5E12DBE1CF,20,0.361722343489682,0.11990803040418203,0.2568225765543148,0.11990803040418203
688A5027-C60F-47BA-8ED0-3D5E12DBE1CF,25,0.4717142032369789,0.10977141027891191,0.23402094876880242,0.10977141027891191
688A5027-C60F-47BA-8ED0-3D5E12DBE1CF,30,0.2746567535272975,0.1146818883488053,0.3331088212147556,0.1146818883488053
BD65FBA0-91F9-45F8-9F53-C7649DB903BC,10,0.26362775016911466,0.12465435568907995,0.28338188877451614,0.12465435568907995
BD65FBA0-91F9-45F8-9F53-C7649DB903BC,15,0.3413867480461186,0.10306541639631549,0.24349516919938935,0.10306541639631549
BD65FBA0-91F9-45F8-9F53-C7649DB903BC,20,0.3293876180571483,0.10106493944586753,0.27437591845948883,0.10106493944586753
BD65FBA0-91F9-45F8-9F53-C7649DB903BC,25,0.33544009324056234,0.10920375597803057,0.26487975947497766,0.10920375597803057
BD65FBA0-91F9-45F8-9F53-C7649DB903BC,30,0.34547676295166624,0.12677126768441413,0.363656485701093,0.12677126768441413
4C84D073-8E95-4BB3-924D-8AE018CB08EB,10,0.17765591032683317,0.1149424349137201,0.2531378107519832,0.1149424349137201
4C84D073-8E95-4BB3-924D-8AE018CB08EB,15,0.3960850152919765,0.12025019593624767,0.3669061826492058,0.12025019593624767
4C84D073-8E95-4BB3-924D-8AE018CB08EB,20,0.31917835812796025,0.11771303552637843,0.25972010065923695,0.11771303552637843
4C84D073-8E95-4BB3-924D-8AE018CB08EB,25,0.31857679039312836,0.10139257763433741,0.22713310514700347,0.10139257763433741
4C84D073-8E95-4BB3-924D-8AE018CB08EB,30,0.3291868039474678,0.1237848303939208,0.286761159494882,0.1237848303939208
FCBF54B7-09CA-4474-9904-AAA005AF6544,10,0.3097627964682951,0.13759679744501777,0.3626173054409789,0.13759679744501777
FCBF54B7-09CA-4474-9904-AAA005AF6544,15,0.25853682194147964,0.12686166515489308,0.29044191643974654,0.12686166515489308
FCBF54B7-09CA-4474-9904-AAA005AF6544,20,0.5244751330383522,0.11227986955322194,0.2035186320004648,0.11227986955322194
FCBF54B7-09CA-4474-9904-AAA005AF6544,25,0.3016703893183996,0.133619561023012,0.3736574213803904,0.133619561023012
FCBF54B7-09CA-4474-9904-AAA005AF6544,30,0.4442147587552961,0.12042873239158883,0.3590083242451486,0.12042873239158883
C1C05787-D1E3-4734-807C-BFAB45E984A2,10,0.2835843212311204,0.09838104804243682,0.1969401847869814,0.09838104804243682
C1C05787-D1E3-4734-807C-BFAB45E984A2,15,0.2581582605501842,0.13559735619697902,0.28514543678386084,0.13559735619697902
C1C05787-D1E3-4734-807C-BFAB45E984A2,20,0.3256158203958491,0.1110664002580999,0.2914760954675185,0.1110664002580999
C1C05787-D1E3-4734-807C-BFAB45E984A2,25,0.40469023046145075,0.10125017582926894,0.30183147233133856,0.10125017582926894
C1C05787-D1E3-4734-807C-BFAB45E984A2,30,0.4007674210498633,0.1292635558767229,0.2742644867848638,0.1292635558767229
25DA8B31-EB27-4DCB-B297-2BE08EEF72C1,10,0.18015449053742422,0.09860246711424049,0.1948918023741934,0.09860246711424049
25DA8B31-EB27-4DCB-B297-2BE08EEF72C1,15,0.24260772740131709,0.1193240472637894,0.2983324886755436,0.1193240472637894
25DA8B31-EB27-4DCB-B297-2BE08EEF72C1,20,0.3638172159158857,0.1248468638119419,0.42207279542761017,0.1248468638119419
25DA8B31-EB27-4DCB-B297-2BE08EEF72C1,25,0.5230692239664235,0.11476941157837543,0.252036813385653,0.11476941157837543
25DA8B31-EB27-4DCB-B297-2BE08EEF72C1,30,0.35273088108567124,0.1191285707474213,0.31165847814079406,0.1191285707474213
5DC110BD-9E5E-4EF2-907F-A4DB678D6F21,10,0.3258689161259368,0.11425439047061117,0.17819426000416716,0.11425439047061117
5DC110BD-9E5E-4EF2-907F-A4DB678D6F21,15,0.28545351218160747,0.10545790620177518,0.28600296207943243,0.10545790620177518
5DC110BD-9E5E-4EF2-907F-A4DB678D6F21,20,0.2657724201922722,0.12562630254697066,0.32133920004226285,0.12562630254697066
5DC110BD-9E5E-4EF2-907F-A4DB678D6F21,25,0.3848117343890873,0.1266010572215456,0.3346773202592127,0.1266010572215456
5DC110BD-9E5E-4EF2-907F-A4DB678D6F21,30,0.3832359070563986,0.13570481510450993,0.34515844406067764,0.13570481510450993
C93C6541-BAB5-42DE-9AA3-62F7A0055BCD,10,0.15680085438079835,0.0923229642631831,0.19942171900969696,0.0923229642631831
C93C6541-BAB5-42DE-9AA3-62F7A0055BCD,15,0.359461339233085,0.10668040665193451,0.18054478780079064,0.10668040665193451
C93C6541-BAB5-42DE-9AA3-62F7A0055BCD,20,0.4607476067020296,0.12937533437612067,0.2964452336176395,0.12937533437612067
C93C6541-BAB5-42DE-9AA3-62F7A0055BCD,25,0.46770004965424106,0.13209876830340758,0.35775567101240224,0.13209876830340758
C93C6541-BAB5-42DE-9AA3-62F7A0055BCD,30,0.4253560484269157,0.12712528577975887,0.3438449563474657,0.12712528577975887
2E53CBA1-5B2A-407B-9240-BB186CD48E7B,10,0.16411450358631324,0.07973288778124833,0.11676683641427987,0.07973288778124833
2E53CBA1-5B2A-407B-9240-BB186CD48E7B,15,0.3396912489441071,0.11886238986529737,0.38389456938231814,0.11886238986529737
2E53CBA1-5B2A-407B-9240-BB186CD48E7B,20,0.29269288064749094,0.1080705336906864,0.3395458808959515,0.1080705336906864
2E53CBA1-5B2A-407B-9240-BB186CD48E7B,25,0.3509463097586519,0.1257057915617021,0.2779988963163602,0.1257057915617021
2E53CBA1-5B2A-407B-9240-BB186CD48E7B,30,0.47982102424444734,0.10512503737186372,0.25019895923871216,0.10512503737186372
D3540F81-5976-4DCE-A5FE-A519347B6933,10,0.3696528647250481,0.1253927562119577,0.32580157590381487,0.1253927562119577
D3540F81-5976-4DCE-A5FE-A519347B6933,15,0.32806706453994494,0.139661026522974,0.39172494226632915,0.139661026522974
D3540F81-5976-4DCE-A5FE-A519347B6933,20,0.44034658181935493,0.11232953523484086,0.3150645927274106,0.11232953523484086
D3540F81-5976-4DCE-A5FE-A519347B6933,25,0.38667437999666443,0.11502485129407033,0.2782569829359733,0.11502485129407033
D3540F81-5976-4DCE-A5FE-A519347B6933,30,0.5138916485569176,0.12459865712510351,0.2959995441672231,0.12459865712510351
A8DA2486-AF5A-4D19-8D7E-A9BB169BE4C3,10,0.34599184793923493,0.11645980139225169,0.3498621708837924,0.11645980139225169
A8DA2486-AF5A-4D19-8D7E-A9BB169BE4C3,15,0.41016246946033197,0.10861438862305811,0.3108228337008069,0.10861438862305811
A8DA2486-AF5A-4D19-8D7E-A9BB169BE4C3,20,0.3917304912868797,0.10995483083866082,0.27985648990212814,0.10995483083866082
A8DA2486-AF5A-4D19-8D7E-A9BB169BE4C3,25,0.3712284903732094,0.13619052689979008,0.3480244529045021,0.13619052689979008
A8DA2486-AF5A-4D19-8D7E-A9BB169BE4C3,30,0.405939809931425,0.1143473739702588,0.27625257018363436,0.1143473739702588
8EA9AE03-E00B-453E-A3E1-DCF6994E816F,10,0.21163033720079727,0.09346263510170674,0.24028606408777128,0.09346263510170674
8EA9AE03-E00B-453E-A3E1-DCF6994E816F,15,0.5370478056690057,0.15728959183043167,0.3843724412089937,0.15728959183043167
8EA9AE03-E00B-453E-A3E1-DCF6994E816F,20,0.29575399233947236,0.1238179820533301,0.2620978187123289,0.1238179820533301
8EA9AE03-E00B-453E-A3E1-DCF6994E816F,25,0.3969707946479319,0.1253269653889107,0.2706582722956933,0.1253269653889107
8EA9AE03-E00B-453E-A3E1-DCF6994E816F,30,0.39860263447156336,0.10912682623391791,0.22562389260982507,0.10912682623391791
1DC5B498-B4DB-4C02-9254-C5A6F15C6935,10,0.6572587599217627,0.1317494109394935,0.31146392050949245,0.1317494109394935
1DC5B498-B4DB-4C02-9254-C5A6F15C6935,15,0.25234533929070485,0.10747478693863668,0.24553087704418403,0.10747478693863668
1DC5B498-B4DB-4C02-9254-C5A6F15C6935,20,0.42909026125879984,0.12489956890916387,0.29672433055537284,0.12489956890916387
1DC5B498-B4DB-4C02-9254-C5A6F15C6935,25,0.4552062757735794,0.10786472201968629,0.33570103138495455,0.10786472201968629
1DC5B498-B4DB-4C02-9254-C5A6F15C6935,30,0.36191143776918455,0.12009446848677749,0.38972146109753325,0.12009446848677749
E61AE0B0-5397-480D-869C-B4F4913C6FB3,10,0.2526049063288772,0.07798469899639554,0.1361668409324881,0.07798469899639554
E61AE0B0-5397-480D-869C-B4F4913C6FB3,15,0.2613032701931581,0.12971698158142758,0.24209963737926765,0.12971698158142758
E61AE0B0-5397-480D-869C-B4F4913C6FB3,20,0.29717867538398374,0.10274164755050866,0.3318703227170068,0.10274164755050866
E61AE0B0-5397-480D-869C-B4F4913C6FB3,25,0.476719249597838,0.10866420495152347,0.2924637449215966,0.10866420495152347
E61AE0B0-5397-480D-869C-B4F4913C6FB3,30,0.3710157907932704,0.12336930895221021,0.3543710653260599,0.12336930895221021
BBE460B8-7C6C-42C9-9000-99A904F85535,10,0.3183925127887155,0.12643141378342923,0.2885781526547915,0.12643141378342923
BBE460B8-7C6C-42C9-9000-99A904F85535,15,0.24729372561007257,0.13622183665607293,0.2970638566727155,0.13622183665607293
BBE460B8-7C6C-42C9-9000-99A904F85535,20,0.3775805791819979,0.12659947521887976,0.31353042909485296,0.12659947521887976
BBE460B8-7C6C-42C9-9000-99A904F85535,25,0.3573011463614779,0.13381222893480432,0.391828051552906,0.13381222893480432
BBE460B8-7C6C-42C9-9000-99A904F85535,30,0.450255492063888,0.11978710686148074,0.3350941301327456,0.11978710686148074
9D6583F4-4069-4D81-BAA6-17C259EF5759,10,0.22233074481966683,0.13925896160359963,0.29826315015280624,0.13925896160359963
9D6583F4-4069-4D81-BAA6-17C259EF5759,15,0.14903495089047772,0.14338253129046216,0.4193507621429542,0.14338253129046216
9D6583F4-4069-4D81-BAA6-17C259EF5759,20,0.37812543280070826,0.11669245374842754,0.3030326552353707,0.11669245374842754
9D6583F4-4069-4D81-BAA6-17C259EF5759,25,0.40200983105668375,0.10681176928897687,0.29233140777946776,0.10681176928897687
9D6583F4-4069-4D81-BAA6-17C259EF5759,30,0.5025445755701358,0.1213425525422414,0.3677949867701543,0.1213425525422414
96224CCE-8232-4CB3-8238-7B2047277C71,10,0.37303468500833104,0.08509462689876465,0.12475363325001732,0.08509462689876465
96224CCE-8232-4CB3-8238-7B2047277C71,15,0.3928722060642708,0.12131689389760233,0.2879254076359113,0.12131689389760233
96224CCE-8232-4CB3-8238-7B2047277C71,20,0.25662286662689904,0.11880097868862513,0.23308195318071506,0.11880097868862513
96224CCE-8232-4CB3-8238-7B2047277C71,25,0.4133817128371679,0.11493519099674027,0.24358496265033674,0.11493519099674027
96224CCE-8232-4CB3-8238-7B2047277C71,30,0.26682673812807,0.12910179159582202,0.38432076031569457,0.12910179159582202
A0F99AED-1D50-47D5-A857-4DEE3A922B9E,10,0.3404434815010652,0.11759624757250899,0.2483809444996014,0.11759624757250899
A0F99AED-1D50-47D5-A857-4DEE3A922B9E,15,0.2645874449735025,0.1154723818789711,0.26374020986455227,0.1154723818789711
A0F99AED-1D50-47D5-A857-4DEE3A922B9E,20,0.36265144420658696,0.12581440733442756,0.3884092977477378,0.12581440733442756
A0F99AED-1D50-47D5-A857-4DEE3A922B9E,25,0.30790280511130685,0.11191882954107603,0.3535371641415165,0.11191882954107603
A0F99AED-1D50-47D5-A857-4DEE3A922B9E,30,0.4581234476252053,0.12355212645047915,0.3645386717936504,0.12355212645047915
8AA9CCFA-5409-49FE-881D-3616F4AD182E,10,0.2726749098487028,0.0948034738000554,0.14381419479072582,0.0948034738000554
8AA9CCFA-5409-49FE-881D-3616F4AD182E,15,0.338067495841764,0.12577931652509775,0.2927280163998406,0.12577931652509775
8AA9CCFA-5409-49FE-881D-3616F4AD182E,20,0.3575727090185907,0.12330796174596433,0.2325858185132513,0.12330796174596433
8AA9CCFA-5409-49FE-881D-3616F4AD182E,25,0.40741831609581136,0.12090357525470402,0.3283014656071481,0.12090357525470402
8AA9CCFA-5409-49FE-881D-3616F4AD182E,30,0.2876336227828303,0.13722206409473828,0.4136114535328643,0.13722206409473828
23597F7E-0DDB-4832-9E43-B693655D2B89,10,0.33507420132239385,0.14620832772100503,0.289255278461555,0.14620832772100503
23597F7E-0DDB-4832-9E43-B693655D2B89,15,0.299081399305186,0.13610651521062064,0.3493722651493147,0.13610651521062064
23597F7E-0DDB-4832-9E43-B693655D2B89,20,0.2837877786945815,0.11804788632598773,0.2918905257541372,0.11804788632598773
23597F7E-0DDB-4832-9E43-B693655D2B89,25,0.3798299972362221,0.12951700356354903,0.2927869901603446,0.12951700356354903
23597F7E-0DDB-4832-9E43-B693655D2B89,30,0.42911586734740254,0.11810414393063447,0.35425695130421897,0.11810414393063447
7DCE324B-A498-4EF6-BD28-9DC4B1675BE1,10,0.2854979685961075,0.10162969001072161,0.275305798888102,0.10162969001072161
7DCE324B-A498-4EF6-BD28-9DC4B1675BE1,15,0.29541395361876627,0.10651713728860143,0.26201199592861973,0.10651713728860143
7DCE324B-A498-4EF6-BD28-9DC4B1675BE1,20,0.4424647419102131,0.11329866463001058,0.21981476840799688,0.11329866463001058
7DCE324B-A498-4EF6-BD28-9DC4B1675BE1,25,0.33701180283994225,0.11137698676347073,0.2576289090989598,0.11137698676347073
7DCE324B-A498-4EF6-BD28-9DC4B1675BE1,30,0.453918865327335,0.11231757054324923,0.36080843027170534,0.11231757054324923
224E989D-6283-49B7-BB40-371258CA926A,10,0.32604218819483816,0.15176272982691955,0.3185740482585986,0.15176272982691955
224E989D-6283-49B7-BB40-371258CA926A,15,0.44558802166491857,0.12433366261624867,0.3130790935890506,0.12433366261624867
224E989D-6283-49B7-BB40-371258CA926A,20,0.3138040389680357,0.1165700089261791,0.3194240407565251,0.1165700089261791
224E989D-6283-49B7-BB40-371258CA926A,25,0.43088435603390735,0.12199801077825277,0.2669943763752488,0.12199801077825277
224E989D-6283-49B7-BB40-371258CA926A,30,0.3609605216785149,0.1186589653620788,0.25531813720249835,0.1186589653620788
AAC55A88-9E88-47D2-AF57-2D1EB4C18868,10,0.3084465538816275,0.11761617155868792,0.3189960001552077,0.11761617155868792
AAC55A88-9E88-47D2-AF57-2D1EB4C18868,15,0.48778144180566163,0.11399800217894289,0.2984621291611771,0.11399800217894289
AAC55A88-9E88-47D2-AF57-2D1EB4C18868,20,0.3723006512619405,0.12063141266926376,0.3488805620355763,0.12063141266926376
AAC55A88-9E88-47D2-AF57-2D1EB4C18868,25,0.5442539335628285,0.09970844294372064,0.19457071559211786,0.09970844294372064
AAC55A88-9E88-47D2-AF57-2D1EB4C18868,30,0.4085837339608107,0.11011654521312567,0.2585371476023651,0.11011654521312567
8BA49448-6387-4560-97DD-75ED6456D348,10,0.21494854156359947,0.1296608399714801,0.2835550709297807,0.1296608399714801
8BA49448-6387-4560-97DD-75ED6456D348,15,0.27707902174432636,0.10777556027432872,0.2931325853390718,0.10777556027432872
8BA49448-6387-4560-97DD-75ED6456D348,20,0.23665097735815901,0.10763965967998199,0.28881318950664625,0.10763965967998199
8BA49448-6387-4560-97DD-75ED6456D348,25,0.29590024304367224,0.13908962638078426,0.3589602926144496,0.13908962638078426
8BA49448-6387-4560-97DD-75ED6456D348,30,0.3481394860812123,0.11222769992132033,0.25024448148618705,0.11222769992132033
E7C0FE87-E645-4454-AAF1-B23D68DF55D4,10,0.24763803634661882,0.11389507569256556,0.30038118221776866,0.11389507569256556
E7C0FE87-E645-4454-AAF1-B23D68DF55D4,15,0.2856684576583471,0.11603026914910057,0.22749227056434768,0.11603026914910057
E7C0FE87-E645-4454-AAF1-B23D68DF55D4,20,0.3963406113701807,0.11998966695444084,0.24613685862909016,0.11998966695444084
E7C0FE87-E645-4454-AAF1-B23D68DF55D4,25,0.49868243366798015,0.1255708397307139,0.25179414057670246,0.1255708397307139
E7C0FE87-E645-4454-AAF1-B23D68DF55D4,30,0.368950562912243,0.11495077958023217,0.3405135935695677,0.11495077958023217
75595E61-6AEE-43BC-9443-072F7FA436B4,10,0.34023736582120284,0.09640042972156268,0.17631517334578248,0.09640042972156268
75595E61-6AEE-43BC-9443-072F7FA436B4,15,0.29499486363984584,0.12448138065914499,0.34501468887139564,0.12448138065914499
75595E61-6AEE-43BC-9443-072F7FA436B4,20,0.2850715946608088,0.11366765878641116,0.2447340923423814,0.11366765878641116
75595E61-6AEE-43BC-9443-072F7FA436B4,25,0.3002258740323819,0.14563851478260764,0.36868567148786335,0.14563851478260764
75595E61-6AEE-43BC-9443-072F7FA436B4,30,0.39703048420723724,0.12339743032769114,0.3119138841970298,0.12339743032769114
6AB444FF-067F-47AA-9914-A67CA3517E92,10,0.22940522587109488,0.09724529651667109,0.2194648897391815,0.09724529651667109
6AB444FF-067F-47AA-9914-A67CA3517E92,15,0.4018766773154284,0.1166099945845285,0.24394054333388587,0.1166099945845285
6AB444FF-067F-47AA-9914-A67CA3517E92,20,0.29106726273325484,0.13694588432563745,0.30385765809214876,0.13694588432563745
6AB444FF-067F-47AA-9914-A67CA3517E92,25,0.4023229425642509,0.12259181373595752,0.31901807980436725,0.12259181373595752
6AB444FF-067F-47AA-9914-A67CA3517E92,30,0.36197640474442644,0.11521279982749896,0.22992926493207871,0.11521279982749896
D025E3BB-19E4-4DC8-9186-6A256A1E99DD,10,0.2564750154661807,0.1395597515811623,0.2504667677280482,0.1395597515811623
D025E3BB-19E4-4DC8-9186-6A256A1E99DD,15,0.3912128234670457,0.15045005232942485,0.38274649871489397,0.15045005232942485
D025E3BB-19E4-4DC8-9186-6A256A1E99DD,20,0.3975876843136134,0.11599941108971486,0.3722895138360678,0.11599941108971486
D025E3BB-19E4-4DC8-9186-6A256A1E99DD,25,0.29739294745580686,0.10328911584068359,0.27483478017664614,0.10328911584068359
D025E3BB-19E4-4DC8-9186-6A256A1E99DD,30,0.4487733839469531,0.11193211920617192,0.24038724571729342,0.11193211920617192
F01518ED-BE50-4AE9-A0CE-04FC4543FAAA,10,0.3598719206339811,0.12587384173319505,0.27411028977296364,0.12587384173319505
F01518ED-BE50-4AE9-A0CE-04FC4543FAAA,15,0.36101081477079006,0.10872436332673102,0.28472260414870043,0.10872436332673102
F01518ED-BE50-4AE9-A0CE-04FC4543FAAA,20,0.3420011545811273,0.11428652265173478,0.3157318043864429,0.11428652265173478
F01518ED-BE50-4AE9-A0CE-04FC4543FAAA,25,0.333640899667755,0.10034236986977195,0.19273435139493345,0.10034236986977195
F01518ED-BE50-4AE9-A0CE-04FC4543FAAA,30,0.35908101427018285,0.12497990689436912,0.3573483753502582,0.12497990689436912
D0FBD140-E719-4CA3-AB29-2471FE0671F9,10,0.15451748785927047,0.1550853826328484,0.30332123267258787,0.1550853826328484
D0FBD140-E719-4CA3-AB29-2471FE0671F9,15,0.2905468460868275,0.12219939714765062,0.22188226659399501,0.12219939714765062
D0FBD140-E719-4CA3-AB29-2471FE0671F9,20,0.28414626521998015,0.12123799326075924,0.25880278814021385,0.12123799326075924
D0FBD140-E719-4CA3-AB29-2471FE0671F9,25,0.5188452073933484,0.13842877948162755,0.4069578667323701,0.13842877948162755
D0FBD140-E719-4CA3-AB29-2471FE0671F9,30,0.4988484439050444,0.13222508934219798,0.2893584143128267,0.13222508934219798
9A841901-DFA0-4ECD-A758-87E1C8A1D0D0,10,0.262790589652586,0.1516738619753843,0.2531908739087343,0.1516738619753843
9A841901-DFA0-4ECD-A758-87E1C8A1D0D0,15,0.37689823520977556,0.11559610911243139,0.27070402738823157,0.11559610911243139
9A841901-DFA0-4ECD-A758-87E1C8A1D0D0,20,0.44549213112028563,0.1264179715673265,0.32312747497794625,0.1264179715673265
9A841901-DFA0-4ECD-A758-87E1C8A1D0D0,25,0.4393883485565904,0.12819369586499993,0.3267724747202358,0.12819369586499993
9A841901-DFA0-4ECD-A758-87E1C8A1D0D0,30,0.2876488630259025,0.12450352555503844,0.3561776692355878,0.12450352555503844
57336097-B341-4203-A209-31CC1E860A9C,10,0.34709665849529153,0.1101861096059928,0.1862514161543644,0.1101861096059928
57336097-B341-4203-A209-31CC1E860A9C,15,0.34828325124513837,0.12372887021824376,0.198240945927112,0.12372887021824376
57336097-B341-4203-A209-31CC1E860A9C,20,0.41001442236406394,0.12975116391566943,0.3014440774834054,0.12975116391566943
57336097-B341-4203-A209-31CC1E860A9C,25,0.3853933106944388,0.11817089659047683,0.3302878000771001,0.11817089659047683
57336097-B341-4203-A209-31CC1E860A9C,30,0.2702219877527433,0.11556120998468417,0.3757681212842798,0.11556120998468417
1BD205B5-9C49-4550-8C29-CF66EB3841D3,10,0.3377483857827819,0.10959274315097586,0.2797421086769803,0.10959274315097586
1BD205B5-9C49-4550-8C29-CF66EB3841D3,15,0.3280071814294327,0.12926004077505113,0.3575900242490036,0.12926004077505113
1BD205B5-9C49-4550-8C29-CF66EB3841D3,20,0.35877708398302155,0.11584643654066247,0.2885782346620909,0.11584643654066247
1BD205B5-9C49-4550-8C29-CF66EB3841D3,25,0.3666492703859421,0.12916828739370273,0.3139095881158136,0.12916828739370273
1BD205B5-9C49-4550-8C29-CF66EB3841D3,30,0.33346156198232707,0.12400736025379241,0.31053635222172427,0.12400736025379241
31A10066-EBA4-4B2B-A9F4-AF029380059A,10,0.21513184181841677,0.13732966861045,0.30531180395970103,0.13732966861045
31A10066-EBA4-4B2B-A9F4-AF029380059A,15,0.2577907893933467,0.12114833954772092,0.3181806747447292,0.12114833954772092
31A10066-EBA4-4B2B-A9F4-AF029380059A,20,0.30672242480344925,0.12068205292703343,0.30840921844179303,0.12068205292703343
31A10066-EBA4-4B2B-A9F4-AF029380059A,25,0.4040716193567587,0.1260942026881279,0.3265003512848486,0.1260942026881279
31A10066-EBA4-4B2B-A9F4-AF029380059A,30,0.4055376278699737,0.12813527785724013,0.33639787958413986,0.12813527785724013
0F69CDD9-EAAD-4F81-934F-8BA98B1424F6,10,0.3259229832794259,0.10248236920696956,0.21433301647441977,0.10248236920696956
0F69CDD9-EAAD-4F81-934F-8BA98B1424F6,15,0.35702601664741024,0.1257487011030747,0.35080967593324075,0.1257487011030747
0F69CDD9-EAAD-4F81-934F-8BA98B1424F6,20,0.3426957855017605,0.13349054170370256,0.3364329867633993,0.13349054170370256
0F69CDD9-EAAD-4F81-934F-8BA98B1424F6,25,0.34674125645437975,0.1053013554793131,0.21742588388114506,0.1053013554793131
0F69CDD9-EAAD-4F81-934F-8BA98B1424F6,30,0.5173513982243272,0.11293580599576106,0.28601143646268823,0.11293580599576106
D6C243A6-CE71-4933-926F-1522DCACB25A,10,0.22444838293600658,0.11751360661364725,0.27861731784748944,0.11751360661364725
D6C243A6-CE71-4933-926F-1522DCACB25A,15,0.3752206082675796,0.13275140960911852,0.23952414364846292,0.13275140960911852
D6C243A6-CE71-4933-926F-1522DCACB25A,20,0.3842118681048017,0.09900951246652817,0.23697840259754624,0.09900951246652817
D6C243A6-CE71-4933-926F-1522DCACB25A,25,0.36638853326513754,0.1329282097878519,0.3790174952716577,0.1329282097878519
D6C243A6-CE71-4933-926F-1522DCACB25A,30,0.3271125321048766,0.11804325654189882,0.3656066235324328,0.11804325654189882
7ADC2BAE-4246-4C2A-B70E-95305A69DBE8,10,0.21621091562499145,0.1405866673565749,0.27198302905709565,0.1405866673565749
7ADC2BAE-4246-4C2A-B70E-95305A69DBE8,15,0.2555977656865544,0.15768398703049424,0.3105776465778356,0.15768398703049424
7ADC2BAE-4246-4C2A-B70E-95305A69DBE8,20,0.3727176993261736,0.13657316975185574,0.3940519047387075,0.13657316975185574
7ADC2BAE-4246-4C2A-B70E-95305A69DBE8,25,0.34173449226728186,0.1302337685955973,0.2306191788643368,0.1302337685955973
7ADC2BAE-4246-4C2A-B70E-95305A69DBE8,30,0.3859163793082779,0.11612529320186567,0.28125807914204043,0.11612529320186567
90FC3412-2859-47A8-AB6C-9A303BFB9ECE,10,0.21800468616101007,0.11832988934237942,0.25215210469956145,0.11832988934237942
90FC3412-2859-47A8-AB6C-9A303BFB9ECE,15,0.33337769734029665,0.11516386089794735,0.2508210140176176,0.11516386089794735
90FC3412-2859-47A8-AB6C-9A303BFB9ECE,20,0.34935546542453605,0.1247010545079838,0.25599768062800654,0.1247010545079838
90FC3412-2859-47A8-AB6C-9A303BFB9ECE,25,0.341747113381213,0.13001795624535153,0.3504018992963656,0.13001795624535153
90FC3412-2859-47A8-AB6C-9A303BFB9ECE,30,0.5002411314708275,0.14251805102025436,0.32947221057500964,0.14251805102025436
ECDE79A9-DABC-4E03-AB25-2966D757826D,10,0.23901416135247344,0.14897836522797225,0.3135913713206626,0.14897836522797225
ECDE79A9-DABC-4E03-AB25-2966D757826D,15,0.2886566245662113,0.11804761829275687,0.2958731085304764,0.11804761829275687
ECDE79A9-DABC-4E03-AB25-2966D757826D,20,0.38670503526957195,0.11109884049445867,0.33131215076067944,0.11109884049445867
ECDE79A9-DABC-4E03-AB25-2966D757826D,25,0.42655071026662705,0.12364935282312499,0.27182060008724895,0.12364935282312499
ECDE79A9-DABC-4E03-AB25-2966D757826D,30,0.471447627398878,0.12718013464610348,0.3282007335581926,0.12718013464610348
53E1A7E1-2F67-491A-8E8D-DF42E8F0A255,10,0.20637956797264254,0.13608359766616457,0.32237875012782236,0.13608359766616457
53E1A7E1-2F67-491A-8E8D-DF42E8F0A255,15,0.34910529272929575,0.11111688128779613,0.2659198719273996,0.11111688128779613
53E1A7E1-2F67-491A-8E8D-DF42E8F0A255,20,0.29862202736760407,0.12713677041994917,0.42316384141026164,0.12713677041994917
53E1A7E1-2F67-491A-8E8D-DF42E8F0A255,25,0.37632475026600354,0.1201318648890414,0.3030990344676109,0.1201318648890414
53E1A7E1-2F67-491A-8E8D-DF42E8F0A255,30,0.3968674688982453,0.1257762426324487,0.2832481963550505,0.1257762426324487
A8CB6B6B-45BB-46BD-B593-0D449DBA7D8A,10,0.2661339392694518,0.1321103013009549,0.3943601896413251,0.1321103013009549
A8CB6B6B-45BB-46BD-B593-0D449DBA7D8A,15,0.2895547483060456,0.12078768744481103,0.25162576712040297,0.12078768744481103
A8CB6B6B-45BB-46BD-B593-0D449DBA7D8A,20,0.33688599526392216,0.13166443452880774,0.252719685143083,0.13166443452880774
A8CB6B6B-45BB-46BD-B593-0D449DBA7D8A,25,0.3458389218709168,0.1134881772654124,0.25347147804426967,0.1134881772654124
A8CB6B6B-45BB-46BD-B593-0D449DBA7D8A,30,0.39263060547579426,0.1202320520892984,0.29540369830082114,0.1202320520892984
40D63DD2-B93D-4D7F-81A4-1EA3819B249E,10,0.1956690263180956,0.14147327763383918,0.231067602188571,0.14147327763383918
40D63DD2-B93D-4D7F-81A4-1EA3819B249E,15,0.3300519494555295,0.10740633838862312,0.2650678280860759,0.10740633838862312
40D63DD2-B93D-4D7F-81A4-1EA3819B249E,20,0.21774760250131148,0.13215467220734256,0.3884690239734866,0.13215467220734256
40D63DD2-B93D-4D7F-81A4-1EA3819B249E,25,0.42598511206728057,0.12681224833582136,0.31628055789147624,0.12681224833582136
40D63DD2-B93D-4D7F-81A4-1EA3819B249E,30,0.47857042493223495,0.13272101397447356,0.31919353533763495,0.13272101397447356
BB292D24-7E21-461B-B20E-BBE940DC5681,10,0.1860755944748674,0.09286300461282188,0.19704353389213067,0.09286300461282188
BB292D24-7E21-461B-B20E-BBE940DC5681,15,0.36342464111218187,0.1193012991037787,0.24100567844724136,0.1193012991037787
BB292D24-7E21-461B-B20E-BBE940DC5681,20,0.3269572438212159,0.12789996161944983,0.3553076034658563,0.12789996161944983
BB292D24-7E21-461B-B20E-BBE940DC5681,25,0.4341968146291493,0.13021157453156643,0.3002420889365057,0.13021157453156643
BB292D24-7E21-461B-B20E-BBE940DC5681,30,0.4777942409112924,0.11985072265667365,0.28737694552044024,0.11985072265667365
B8B4F24C-6506-4D73-863D-B20627B38D08,10,0.29529377752720265,0.13433594186829892,0.28852150925587194,0.13433594186829892
B8B4F24C-6506-4D73-863D-B20627B38D08,15,0.335579237657815,0.1290966161076534,0.3293434267943338,0.1290966161076534
B8B4F24C-6506-4D73-863D-B20627B38D08,20,0.38207343129946164,0.11618599979633498,0.24792037448787735,0.11618599979633498
B8B4F24C-6506-4D73-863D-B20627B38D08,25,0.41626772263880935,0.1232231864604104,0.3443368980593777,0.1232231864604104
B8B4F24C-6506-4D73-863D-B20627B38D08,30,0.44849307109896736,0.11783082534097643,0.27655829627828915,0.11783082534097643
1CAD975F-67E5-4B57-81DE-1441CAD36C7B,10,0.3330409213615372,0.11660052295428885,0.23903071085034786,0.11660052295428885
1CAD975F-67E5-4B57-81DE-1441CAD36C7B,15,0.3388142479851626,0.09826030714287708,0.27124242807146104,0.09826030714287708
1CAD975F-67E5-4B57-81DE-1441CAD36C7B,20,0.3591102777917319,0.1102994446526117,0.34569779224119324,0.1102994446526117
1CAD975F-67E5-4B57-81DE-1441CAD36C7B,25,0.4811475364614223,0.1349160628716065,0.2833202298838604,0.1349160628716065
1CAD975F-67E5-4B57-81DE-1441CAD36C7B,30,0.4442621280002278,0.1326924170612495,0.3126161326950445,0.1326924170612495
1439249F-449D-4A86-BBF3-CBDE12C3DDE5,10,0.2614615085169596,0.12639342847898385,0.22870405711978226,0.12639342847898385
1439249F-449D-4A86-BBF3-CBDE12C3DDE5,15,0.34429849916352995,0.11046997155653779,0.2411547856329975,0.11046997155653779
1439249F-449D-4A86-BBF3-CBDE12C3DDE5,20,0.4225499787972161,0.12046733581826892,0.28138369416861797,0.12046733581826892
1439249F-449D-4A86-BBF3-CBDE12C3DDE5,25,0.3939792786752359,0.1440532074287641,0.2906049160728542,0.1440532074287641
1439249F-449D-4A86-BBF3-CBDE12C3DDE5,30,0.3686433550711577,0.1400555139625091,0.3047378450548405,0.1400555139625091
F871C084-EBE2-40AF-8908-AA626B4CB4EA,10,0.1999023222462743,0.11144594242992525,0.1835799851528695,0.11144594242992525
F871C084-EBE2-40AF-8908-AA626B4CB4EA,15,0.4510631290606149,0.10158238200559137,0.25042254971982975,0.10158238200559137
F871C084-EBE2-40AF-8908-AA626B4CB4EA,20,0.3970472213047449,0.11116559126820963,0.26106429696823547,0.11116559126820963
F871C084-EBE2-40AF-8908-AA626B4CB4EA,25,0.38202307113860606,0.10013266651473961,0.2640019733831177,0.10013266651473961
F871C084-EBE2-40AF-8908-AA626B4CB4EA,30,0.4004395520936699,0.13507917549862564,0.36794042712029656,0.13507917549862564
82577515-582E-4F03-97DB-8A2A71E1B9C1,10,0.1623502560621822,0.09231210417710248,0.13456612069414925,0.09231210417710248
82577515-582E-4F03-97DB-8A2A71E1B9C1,15,0.3527878330204079,0.1246360231974735,0.34322350165911375,0.1246360231974735
82577515-582E-4F03-97DB-8A2A71E1B9C1,20,0.2556767609333105,0.09341765997399187,0.3363871735693762,0.09341765997399187
82577515-582E-4F03-97DB-8A2A71E1B9C1,25,0.3898125747952225,0.11438378493406413,0.32765976994049495,0.11438378493406413
82577515-582E-4F03-97DB-8A2A71E1B9C1,30,0.3659216955067682,0.14370610137147413,0.3439018300251,0.14370610137147413
45D8EAD2-210C-4F04-8C7F-EA3E65484875,10,0.2796506498317711,0.08567975567556,0.27099926617017867,0.08567975567556
45D8EAD2-210C-4F04-8C7F-EA3E65484875,15,0.41912972158712153,0.13147198983252587,0.22853285489145508,0.13147198983252587
45D8EAD2-210C-4F04-8C7F-EA3E65484875,20,0.3576490318837203,0.12753468476375562,0.3511736215146937,0.12753468476375562
45D8EAD2-210C-4F04-8C7F-EA3E65484875,25,0.42690438026541283,0.14348741712706473,0.33595256351406205,0.14348741712706473
45D8EAD2-210C-4F04-8C7F-EA3E65484875,30,0.3653925790687478,0.10535890086127875,0.2184023392501408,0.10535890086127875
6BCB6C04-137B-4145-9760-A2F293B3E598,10,0.3228261183394007,0.12307588768825976,0.19957966194394036,0.12307588768825976
6BCB6C04-137B-4145-9760-A2F293B3E598,15,0.25971626855109237,0.14372982942369417,0.3165654510787181,0.14372982942369417
6BCB6C04-137B-4145-9760-A2F293B3E598,20,0.3369995462577229,0.13748061120208369,0.2396349618455848,0.13748061120208369
6BCB6C04-137B-4145-9760-A2F293B3E598,25,0.4151483917439699,0.1256087418691645,0.27369110426107923,0.1256087418691645
6BCB6C04-137B-4145-9760-A2F293B3E598,30,0.4061440856926704,0.11379002242084013,0.31221933519943124,0.11379002242084013
147A494E-7009-48B0-B912-218C2087F0E4,10,0.15543517058413595,0.11511426086010915,0.25340338532099993,0.11511426086010915
147A494E-7009-48B0-B912-218C2087F0E4,15,0.24974487713418947,0.11985905329096735,0.2958090761633097,0.11985905329096735
147A494E-7009-48B0-B912-218C2087F0E4,20,0.2844966854728925,0.1434742413387168,0.27977319568109704,0.1434742413387168
147A494E-7009-48B0-B912-218C2087F0E4,25,0.4212112795734795,0.14191043498557174,0.2675021426595999,0.14191043498557174
147A494E-7009-48B0-B912-218C2087F0E4,30,0.39106661628501993,0.12932603964039047,0.385973091174419,0.12932603964039047
2B37095F-DF58-4168-8498-8FE99A1E3B5D,10,0.32887055628807604,0.0836176383750772,0.14519872008168103,0.0836176383750772
2B37095F-DF58-4168-8498-8FE99A1E3B5D,15,0.3581641236417995,0.13685454109561662,0.3571911182608951,0.13685454109561662
2B37095F-DF58-4168-8498-8FE99A1E3B5D,20,0.38692478003253244,0.1178991397667175,0.32652913308269144,0.1178991397667175
2B37095F-DF58-4168-8498-8FE99A1E3B5D,25,0.3237641074174011,0.11568190864122044,0.3008965077744926,0.11568190864122044
2B37095F-DF58-4168-8498-8FE99A1E3B5D,30,0.4155560279246071,0.123340012591762,0.27705931886203433,0.123340012591762
817546DC-1A01-4DC4-B176-5088422D0881,10,0.31809901050214534,0.12172890289405669,0.26714389838552455,0.12172890289405669
817546DC-1A01-4DC4-B176-5088422D0881,15,0.33000964015663875,0.10581599835840702,0.18332004957729536,0.10581599835840702
817546DC-1A01-4DC4-B176-5088422D0881,20,0.2114524157682874,0.1396171381645635,0.3840745758947222,0.1396171381645635
817546DC-1A01-4DC4-B176-5088422D0881,25,0.48102533601546643,0.12563680570290697,0.3330399415454344,0.12563680570290697
817546DC-1A01-4DC4-B176-5088422D0881,30,0.34535788498163555,0.11628307862944418,0.32922463467351226,0.11628307862944418
18EB1FF2-3858-44CB-ABD9-88882333C097,10,0.3434075227048684,0.15154721632901555,0.3671872557843121,0.15154721632901555
18EB1FF2-3858-44CB-ABD9-88882333C097,15,0.1584745214240657,0.09842875478686147,0.16056744101301978,0.09842875478686147
18EB1FF2-3858-44CB-ABD9-88882333C097,20,0.5075222283101662,0.13226004666652255,0.2999573347161446,0.13226004666652255
18EB1FF2-3858-44CB-ABD9-88882333C097,25,0.34260820268066716,0.13782528849885722,0.27516229665106073,0.13782528849885722
18EB1FF2-3858-44CB-ABD9-88882333C097,30,0.40419007047740835,0.12799826533857214,0.3413967541219151,0.12799826533857214
67D85A83-C9EE-48BC-8027-C177BFACC85B,10,0.28227867897863346,0.08288049911115221,0.16674027469779062,0.08288049911115221
67D85A83-C9EE-48BC-8027-C177BFACC85B,15,0.3566813677138122,0.11213242275332452,0.37471933568302596,0.11213242275332452
67D85A83-C9EE-48BC-8027-C177BFACC85B,20,0.36624945013391785,0.15295786646014903,0.2981173904009469,0.15295786646014903
67D85A83-C9EE-48BC-8027-C177BFACC85B,25,0.5030778559083535,0.1230960790115824,0.2293865067913972,0.1230960790115824
67D85A83-C9EE-48BC-8027-C177BFACC85B,30,0.2201195160983072,0.10784792983912837,0.27271048192901326,0.10784792983912837
C86AFC66-CA2A-40F6-A863-88C8BCD80634,10,0.25384180738393647,0.10183927124517039,0.20429203091235376,0.10183927124517039
C86AFC66-CA2A-40F6-A863-88C8BCD80634,15,0.4093490029758688,0.09937207903105304,0.2961396949318986,0.09937207903105304
C86AFC66-CA2A-40F6-A863-88C8BCD80634,20,0.41544450457501375,0.11868111495649873,0.2692174416020975,0.11868111495649873
C86AFC66-CA2A-40F6-A863-88C8BCD80634,25,0.3804701697372082,0.1241014064651939,0.3227521947917531,0.1241014064651939
C86AFC66-CA2A-40F6-A863-88C8BCD80634,30,0.30936868356439784,0.12169444855649637,0.4638940778336079,0.12169444855649637
99AE4568-FD23-4A96-BD6C-CD9B9FB2C24A,10,0.1939447304192159,0.09323377094526959,0.17147710413347336,0.09323377094526959
99AE4568-FD23-4A96-BD6C-CD9B9FB2C24A,15,0.29421907869212593,0.11584395458937884,0.2813057588008977,0.11584395458937884
99AE4568-FD23-4A96-BD6C-CD9B9FB2C24A,20,0.39799622300760173,0.13101482187590874,0.3143633462305051,0.13101482187590874
99AE4568-FD23-4A96-BD6C-CD9B9FB2C24A,25,0.3496715078347187,0.13540205815570416,0.3004559968421844,0.13540205815570416
99AE4568-FD23-4A96-BD6C-CD9B9FB2C24A,30,0.45748620280140545,0.11278778666849727,0.40448736502393445,0.11278778666849727
7D8A6360-C9E9-487B-A344-42B5F9E41CF7,10,0.2996231345696922,0.12470322220911319,0.36735827202739,0.12470322220911319
7D8A6360-C9E9-487B-A344-42B5F9E41CF7,15,0.3962858654142316,0.09175976444133814,0.13784727596031351,0.09175976444133814
7D8A6360-C9E9-487B-A344-42B5F9E41CF7,20,0.37561279848458223,0.11642894577735184,0.32799014811338034,0.11642894577735184
7D8A6360-C9E9-487B-A344-42B5F9E41CF7,25,0.4100623212408222,0.13395953953509512,0.33911442137465364,0.13395953953509512
7D8A6360-C9E9-487B-A344-42B5F9E41CF7,30,0.3286642024009269,0.10762712400652043,0.2432895721436506,0.10762712400652043
35C59B5F-116D-4F25-A83A-5C89B86C072D,10,0.2008406898025027,0.08182712480192038,0.16644746630490725,0.08182712480192038
35C59B5F-116D-4F25-A83A-5C89B86C072D,15,0.3486814682744776,0.1286109295113489,0.2671362305902087,0.1286109295113489
35C59B5F-116D-4F25-A83A-5C89B86C072D,20,0.2803170496070572,0.1307884786699054,0.3718424920822409,0.1307884786699054
35C59B5F-116D-4F25-A83A-5C89B86C072D,25,0.3963601448710752,0.1105351795371209,0.35525798382254004,0.1105351795371209
35C59B5F-116D-4F25-A83A-5C89B86C072D,30,0.44841610073243493,0.12430438149709627,0.28796431923166443,0.12430438149709627
9BA67779-50C2-483B-8E81-916125D5D3F7,10,0.3498370282797571,0.10613666803000481,0.180196842683517,0.10613666803000481
9BA67779-50C2-483B-8E81-916125D5D3F7,15,0.6926709759373147,0.13947514125181762,0.3397238632776188,0.13947514125181762
9BA67779-50C2-483B-8E81-916125D5D3F7,20,0.39004303689046016,0.12536789148099062,0.3541736191279757,0.12536789148099062
9BA67779-50C2-483B-8E81-916125D5D3F7,25,0.27442948963155916,0.12252171026693054,0.2982912224743096,0.12252171026693054
9BA67779-50C2-483B-8E81-916125D5D3F7,30,0.3419438161762715,0.12643568126546742,0.3040085180750096,0.12643568126546742
4375042E-CC33-4B09-A79B-F30D8C0136D9,10,0.2368558430959172,0.11472708889290226,0.2733890805341323,0.11472708889290226
4375042E-CC33-4B09-A79B-F30D8C0136D9,15,0.233655624069529,0.12918231979460276,0.29661835372277806,0.12918231979460276
4375042E-CC33-4B09-A79B-F30D8C0136D9,20,0.35144497738414904,0.13184187807143172,0.33598799141172486,0.13184187807143172
4375042E-CC33-4B09-A79B-F30D8C0136D9,25,0.4127469949535031,0.11658343387619309,0.29131613824486124,0.11658343387619309
4375042E-CC33-4B09-A79B-F30D8C0136D9,30,0.4174211390639013,0.11222035795608626,0.287618414581986,0.11222035795608626
6FC13FEC-D6E7-4F53-9C10-A3FBAE064A71,10,0.23405940375102682,0.10914057640627929,0.18027989086309706,0.10914057640627929
6FC13FEC-D6E7-4F53-9C10-A3FBAE064A71,15,0.2977035826859194,0.11663966790074913,0.2847905569335153,0.11663966790074913
6FC13FEC-D6E7-4F53-9C10-A3FBAE064A71,20,0.3889863726901417,0.0978183606917899,0.19055924470701824,0.0978183606917899
6FC13FEC-D6E7-4F53-9C10-A3FBAE064A71,25,0.44789483971825544,0.11419794034880604,0.24506714641760163,0.11419794034880604
6FC13FEC-D6E7-4F53-9C10-A3FBAE064A71,30,0.3626192823462901,0.11235731547566542,0.30716195458800655,0.11235731547566542
450053F2-5F0A-4CFE-8A08-92CC201A07B9,10,0.18243323499161712,0.07812790235035257,0.1154313592741998,0.07812790235035257
450053F2-5F0A-4CFE-8A08-92CC201A07B9,15,0.3761671359141581,0.12980927730355835,0.35417280503634835,0.12980927730355835
450053F2-5F0A-4CFE-8A08-92CC201A07B9,20,0.3946551155253015,0.1180161404983159,0.28854774048371334,0.1180161404983159
450053F2-5F0A-4CFE-8A08-92CC201A07B9,25,0.251611518895198,0.11495451216380424,0.2995885156156477,0.11495451216380424
450053F2-5F0A-4CFE-8A08-92CC201A07B9,30,0.44368180075558594,0.12104691493273204,0.36270394083595814,0.12104691493273204
4DB6BD40-F4FD-4E81-BACE-8E0FA5776347,10,0.2633808180338265,0.12820076889448903,0.30606691423803223,0.12820076889448903
4DB6BD40-F4FD-4E81-BACE-8E0FA5776347,15,0.30191363092202245,0.11727512621530083,0.3437535989892007,0.11727512621530083
4DB6BD40-F4FD-4E81-BACE-8E0FA5776347,20,0.29354438901651664,0.12639121112181978,0.367074970823689,0.12639121112181978
4DB6BD40-F4FD-4E81-BACE-8E0FA5776347,25,0.5577035041746441,0.121702514148294,0.2718373670690441,0.121702514148294
4DB6BD40-F4FD-4E81-BACE-8E0FA5776347,30,0.3164921382861586,0.1170583216843544,0.24708999694304573,0.1170583216843544
B4060B8D-C6B6-4A6F-A1E3-8D16E7FAE7E1,10,0.05922177328958637,0.08128437517205997,0.17640877095782093,0.08128437517205997
B4060B8D-C6B6-4A6F-A1E3-8D16E7FAE7E1,15,0.30813089818885475,0.11115496730327494,0.2962087995813472,0.11115496730327494
B4060B8D-C6B6-4A6F-A1E3-8D16E7FAE7E1,20,0.4463109110638586,0.12745595183934777,0.33471161239304226,0.12745595183934777
B4060B8D-C6B6-4A6F-A1E3-8D16E7FAE7E1,25,0.33436203081624444,0.1319710474538213,0.4328549555744188,0.1319710474538213
B4060B8D-C6B6-4A6F-A1E3-8D16E7FAE7E1,30,0.3636346292259323,0.11884323475278466,0.3482810798181556,0.11884323475278466
2C47C9E7-50F8-46AB-A198-BCEBCE6E5EF9,10,0.32564326824790735,0.1038144453966916,0.2194056710859206,0.1038144453966916
2C47C9E7-50F8-46AB-A198-BCEBCE6E5EF9,15,0.3744873965873802,0.10144072256427814,0.28124958334970307,0.10144072256427814
2C47C9E7-50F8-46AB-A198-BCEBCE6E5EF9,20,0.3854039491210849,0.12048755372590765,0.2946823251037277,0.12048755372590765
2C47C9E7-50F8-46AB-A198-BCEBCE6E5EF9,25,0.3049254999189956,0.12151382698405151,0.34715145031914296,0.12151382698405151
2C47C9E7-50F8-46AB-A198-BCEBCE6E5EF9,30,0.2869285325006127,0.11088909515097337,0.24634625960495604,0.11088909515097337
7AE44CBF-F18D-4F02-AE72-4A461CA7EE4B,10,0.13827872721286072,0.1290727479362365,0.30941888528290007,0.1290727479362365
7AE44CBF-F18D-4F02-AE72-4A461CA7EE4B,15,0.26818480732713507,0.13032910528743102,0.3581495996560665,0.13032910528743102
7AE44CBF-F18D-4F02-AE72-4A461CA7EE4B,20,0.39413550881910986,0.1390837262032127,0.3628634016159688,0.1390837262032127
7AE44CBF-F18D-4F02-AE72-4A461CA7EE4B,25,0.32984185564185914,0.1147775885654905,0.2987418595094449,0.1147775885654905
7AE44CBF-F18D-4F02-AE72-4A461CA7EE4B,30,0.45992820182221605,0.11515487959901755,0.2124114705613516,0.11515487959901755
5253FF49-DF1D-4A5B-89C7-9BD3778BEA34,10,0.30798399668529836,0.1418829120879654,0.2469291364962129,0.1418829120879654
5253FF49-DF1D-4A5B-89C7-9BD3778BEA34,15,0.4923170587823968,0.1149433149050235,0.20415203361104348,0.1149433149050235
5253FF49-DF1D-4A5B-89C7-9BD3778BEA34,20,0.30511928424684653,0.12680005487914736,0.3321961934316587,0.12680005487914736
5253FF49-DF1D-4A5B-89C7-9BD3778BEA34,25,0.47132373094571073,0.14289957522034424,0.3067423844526336,0.14289957522034424
5253FF49-DF1D-4A5B-89C7-9BD3778BEA34,30,0.3256000237789526,0.12056871474325519,0.33523678121542544,0.12056871474325519
28472727-0DDE-42F7-969C-738847AC62A8,10,0.19260774968219152,0.0913234960708219,0.18606121565923148,0.0913234960708219
28472727-0DDE-42F7-969C-738847AC62A8,15,0.3137190391963642,0.10110867028996366,0.24073495071202342,0.10110867028996366
28472727-0DDE-42F7-969C-738847AC62A8,20,0.323041174540467,0.12252019631039572,0.30033213397908143,0.12252019631039572
28472727-0DDE-42F7-969C-738847AC62A8,25,0.405330326334285,0.10516670218353365,0.39608682133674744,0.10516670218353365
28472727-0DDE-42F7-969C-738847AC62A8,30,0.48628996761735255,0.12838687610944288,0.2600289929832413,0.12838687610944288
A301F8F3-9FEE-4ED9-9AB5-A91FD27B3498,10,0.18636198760213393,0.12876239087600633,0.3012512287975876,0.12876239087600633
A301F8F3-9FEE-4ED9-9AB5-A91FD27B3498,15,0.31479312355722955,0.1232082195902693,0.21540466869602154,0.1232082195902693
A301F8F3-9FEE-4ED9-9AB5-A91FD27B3498,20,0.4105194491981632,0.13338832605748832,0.28078415043298965,0.13338832605748832
A301F8F3-9FEE-4ED9-9AB5-A91FD27B3498,25,0.36726010489606137,0.12072908646961412,0.32737364278340375,0.12072908646961412
A301F8F3-9FEE-4ED9-9AB5-A91FD27B3498,30,0.3291687675109161,0.1330772239292302,0.32565288915447677,0.1330772239292302
7AC91175-877C-44DF-95A6-65C02484EB90,10,0.20219242523681685,0.11399710779297527,0.3684264463417015,0.11399710779297527
7AC91175-877C-44DF-95A6-65C02484EB90,15,0.49857744584825264,0.12150657057984204,0.2623364679022034,0.12150657057984204
7AC91175-877C-44DF-95A6-65C02484EB90,20,0.25088596022662035,0.10370146662448723,0.22354369801596852,0.10370146662448723
7AC91175-877C-44DF-95A6-65C02484EB90,25,0.2711616173325877,0.13968648939756081,0.3192189153945426,0.13968648939756081
7AC91175-877C-44DF-95A6-65C02484EB90,30,0.3221785266665616,0.11807159781494013,0.35611133172861986,0.11807159781494013
C9E7B1C9-5DFF-45D3-8766-0C8271FD293E,10,0.276109358831289,0.10519596380598129,0.1909017858666667,0.10519596380598129
C9E7B1C9-5DFF-45D3-8766-0C8271FD293E,15,0.40175572009412003,0.13243833267764468,0.23131506316390876,0.13243833267764468
C9E7B1C9-5DFF-45D3-8766-0C8271FD293E,20,0.3577645298997534,0.1070554509434376,0.21476288987225672,0.1070554509434376
C9E7B1C9-5DFF-45D3-8766-0C8271FD293E,25,0.4701621306067084,0.13822581518072466,0.32607765924992294,0.13822581518072466
C9E7B1C9-5DFF-45D3-8766-0C8271FD293E,30,0.35389645681615345,0.14667381394340093,0.34045120688661845,0.14667381394340093
51371244-76F0-4B8A-8761-045568CDB857,10,0.22875461142665168,0.1159894488581364,0.26755927182371975,0.1159894488581364
51371244-76F0-4B8A-8761-045568CDB857,15,0.3975818985848205,0.10219203287694088,0.24868474393338494,0.10219203287694088
51371244-76F0-4B8A-8761-045568CDB857,20,0.3219722112453464,0.11688747140207682,0.2731259752953093,0.11688747140207682
51371244-76F0-4B8A-8761-045568CDB857,25,0.4017716026666821,0.1373242392769409,0.3497151894960385,0.1373242392769409
51371244-76F0-4B8A-8761-045568CDB857,30,0.40670037181182705,0.13135097601598503,0.2685224611711523,0.13135097601598503
CF495EE9-9215-4F80-BCA3-75C8AAAC4E5D,10,0.30851825582924847,0.1316910867083309,0.3725290649177756,0.1316910867083309
CF495EE9-9215-4F80-BCA3-75C8AAAC4E5D,15,0.3509773114170676,0.10958419262756411,0.20929993182412127,0.10958419262756411
CF495EE9-9215-4F80-BCA3-75C8AAAC4E5D,20,0.3770356234808531,0.13885711008679713,0.31665731393905905,0.13885711008679713
CF495EE9-9215-4F80-BCA3-75C8AAAC4E5D,25,0.3419917393401909,0.13567024903479596,0.354399376054076,0.13567024903479596
CF495EE9-9215-4F80-BCA3-75C8AAAC4E5D,30,0.3758021316818862,0.1197502002032636,0.2712464984685741,0.1197502002032636
557F26C2-8865-45D8-B4E9-F79F91370B05,10,0.4188589429624498,0.11291432423434171,0.3173725874237737,0.11291432423434171
557F26C2-8865-45D8-B4E9-F79F91370B05,15,0.3815006314858027,0.11585658041275625,0.21029928699905054,0.11585658041275625
557F26C2-8865-45D8-B4E9-F79F91370B05,20,0.42377001414899274,0.09895707200156204,0.22065343715424163,0.09895707200156204
557F26C2-8865-45D8-B4E9-F79F91370B05,25,0.4102378082496267,0.12129041465419296,0.2905963197072113,0.12129041465419296
557F26C2-8865-45D8-B4E9-F79F91370B05,30,0.4962729098149195,0.1296072651597415,0.43097880828035046,0.1296072651597415
BBC02C68-2E2E-4EC8-9600-5ACDA57F62CE,10,0.32279502917237457,0.1668628186193502,0.34916747070413867,0.1668628186193502
BBC02C68-2E2E-4EC8-9600-5ACDA57F62CE,15,0.34896233516844943,0.11764722961309067,0.23832884818242234,0.11764722961309067
BBC02C68-2E2E-4EC8-9600-5ACDA57F62CE,20,0.4188281640530936,0.1318801727908237,0.2690162265702973,0.1318801727908237
BBC02C68-2E2E-4EC8-9600-5ACDA57F62CE,25,0.352685360406923,0.10956717709399838,0.2708979079934461,0.10956717709399838
BBC02C68-2E2E-4EC8-9600-5ACDA57F62CE,30,0.3374984529818839,0.11943803193680305,0.349764524468894,0.11943803193680305
8644247A-62F5-4C01-9A7A-4750627D01FC,10,0.17929102071083516,0.0865482760346905,0.17838910815246245,0.0865482760346905
8644247A-62F5-4C01-9A7A-4750627D01FC,15,0.30372338553508316,0.16119766808546107,0.37972819648556627,0.16119766808546107
8644247A-62F5-4C01-9A7A-4750627D01FC,20,0.30098705097051204,0.12109624632808796,0.39697608920612015,0.12109624632808796
8644247A-62F5-4C01-9A7A-4750627D01FC,25,0.409007370706793,0.1274219255822953,0.2709123572308084,0.1274219255822953
8644247A-62F5-4C01-9A7A-4750627D01FC,30,0.3347012313675209,0.11005228972686992,0.2834690306959361,0.11005228972686992
BC02B099-5A4C-44E0-BF2B-081856396984,10,0.23341839151782112,0.11551536526187424,0.2280787706152546,0.11551536526187424
BC02B099-5A4C-44E0-BF2B-081856396984,15,0.1747500966238499,0.1444736767747358,0.36371683224976437,0.1444736767747358
BC02B099-5A4C-44E0-BF2B-081856396984,20,0.39037715915350135,0.14574966876041814,0.3963386688975873,0.14574966876041814
BC02B099-5A4C-44E0-BF2B-081856396984,25,0.37069871054886283,0.11440007919035325,0.24544220722108961,0.11440007919035325
BC02B099-5A4C-44E0-BF2B-081856396984,30,0.38216044076518163,0.11514226869990672,0.3076900929405643,0.11514226869990672
E0E1B878-946C-41C2-9D9C-3EE9D1AD30C0,10,0.35616799444244024,0.12671582400136278,0.31243053514576835,0.12671582400136278
E0E1B878-946C-41C2-9D9C-3EE9D1AD30C0,15,0.23998709559304338,0.11336694048983295,0.29003885004860575,0.11336694048983295
E0E1B878-946C-41C2-9D9C-3EE9D1AD30C0,20,0.46819365787167533,0.1265215508267502,0.3376602181670304,0.1265215508267502
E0E1B878-946C-41C2-9D9C-3EE9D1AD30C0,25,0.4351810584741251,0.1348978352316067,0.33727642838084626,0.1348978352316067
E0E1B878-946C-41C2-9D9C-3EE9D1AD30C0,30,0.3703997247168181,0.1274443038998982,0.43062227973127154,0.1274443038998982
19B63E48-975D-4E5F-88C1-3E3B733A5573,10,0.28532873482672166,0.12202757468103569,0.32451996881748113,0.12202757468103569
19B63E48-975D-4E5F-88C1-3E3B733A5573,15,0.45494375694236416,0.10561174461487759,0.234906961243129,0.10561174461487759
19B63E48-975D-4E5F-88C1-3E3B733A5573,20,0.29862743864894076,0.14863565139869034,0.3370274531802585,0.14863565139869034
19B63E48-975D-4E5F-88C1-3E3B733A5573,25,0.3234219380174432,0.11489639796429697,0.29226686859173234,0.11489639796429697
19B63E48-975D-4E5F-88C1-3E3B733A5573,30,0.41751432643502706,0.12708790105048462,0.40306153709248693,0.12708790105048462
CDCD13D1-5ACF-4E14-AA56-9839D4148E16,10,0.25288350494889833,0.10168475923691996,0.22834160065991682,0.10168475923691996
CDCD13D1-5ACF-4E14-AA56-9839D4148E16,15,0.3773531531578358,0.12971011475484487,0.3083793589442345,0.12971011475484487
CDCD13D1-5ACF-4E14-AA56-9839D4148E16,20,0.32896619129933413,0.1331234382812679,0.3265120901062282,0.1331234382812679
CDCD13D1-5ACF-4E14-AA56-9839D4148E16,25,0.4053174685403346,0.11857079678177707,0.26784953137841644,0.11857079678177707
CDCD13D1-5ACF-4E14-AA56-9839D4148E16,30,0.4253164172646304,0.12917704378016837,0.3014444355331617,0.12917704378016837
BBABBB85-36CE-495E-9355-04980145FCF3,10,0.05498875784919098,0.17105715778260144,0.28982805404946005,0.17105715778260144
BBABBB85-36CE-495E-9355-04980145FCF3,15,0.21266474657164974,0.12174281323027468,0.31231223797182056,0.12174281323027468
BBABBB85-36CE-495E-9355-04980145FCF3,20,0.3520661531605697,0.13665683785141033,0.30578172523128433,0.13665683785141033
BBABBB85-36CE-495E-9355-04980145FCF3,25,0.4649210428449815,0.11638388185401292,0.2207467875776875,0.11638388185401292
BBABBB85-36CE-495E-9355-04980145FCF3,30,0.4021941347646404,0.1084321475182491,0.29092093375655376,0.1084321475182491